Left:
('D = ', [-0.38039350113396503, 0.16746014905591652, 0.0006667206662611831, 0.0006043595755396783, 0.0])
('K = ', [1082.4472633594166, 0.0, 627.6255319545699, 0.0, 1081.5581306626182, 507.17830620274015, 0.0, 0.0, 1.0])
('R = ', [0.9997135535947044, -0.005696313381072037, -0.023245704397003183, 0.005745130777366217, 0.9999814283574596, 0.0020338172302083036, 0.02323368742578745, -0.002166784262346479, 0.9997277133372673])
('P = ', [1034.3867270869725, 0.0, 646.5987701416016, 0.0, 0.0, 1034.3867270869725, 492.0083770751953, 0.0, 0.0, 0.0, 1.0, 0.0])

Right:
('D = ', [-0.3804090358810041, 0.1655699540033756, 0.0004227681147094796, 0.0004911806766781608, 0.0])
('K = ', [1085.1131968860857, 0.0, 604.7484612536583, 0.0, 1084.7133191825897, 473.36128601343836, 0.0, 0.0, 1.0])
('R = ', [0.9996341799520125, 0.00470455539172692, -0.026634065221696087, -0.004760493682245938, 0.9999865935947353, -0.002037236044001033, 0.02662412386480887, 0.002163282081434049, 0.9996431744572998])
('P = ', [1034.3867270869725, 0.0, 646.5987701416016, -156.6828294404375, 0.0, 1034.3867270869725, 492.0083770751953, 0.0, 0.0, 0.0, 1.0, 0.0])
('self.T ', [-0.15141871760220632, -0.0007126184344137057, 0.004034371854508296])
('self.R ', [0.9999390652476458, -0.010512323560082287, 0.003369991844592028, 0.010498522564251673, 0.9999365362137749, 0.004087122308649142, -0.0034127431242882, -0.004051493325441607, 0.999985969194669])
None
# oST version 5.0 parameters


[image]

width
1288

height
964

[narrow_stereo/left]

camera matrix
1082.447263 0.000000 627.625532
0.000000 1081.558131 507.178306
0.000000 0.000000 1.000000

distortion
-0.380394 0.167460 0.000667 0.000604 0.000000

rectification
0.999714 -0.005696 -0.023246
0.005745 0.999981 0.002034
0.023234 -0.002167 0.999728

projection
1034.386727 0.000000 646.598770 0.000000
0.000000 1034.386727 492.008377 0.000000
0.000000 0.000000 1.000000 0.000000

# oST version 5.0 parameters


[image]

width
1288

height
964

[narrow_stereo/right]

camera matrix
1085.113197 0.000000 604.748461
0.000000 1084.713319 473.361286
0.000000 0.000000 1.000000

distortion
-0.380409 0.165570 0.000423 0.000491 0.000000

rectification
0.999634 0.004705 -0.026634
-0.004760 0.999987 -0.002037
0.026624 0.002163 0.999643

projection
1034.386727 0.000000 646.598770 -156.682829
0.000000 1034.386727 492.008377 0.000000
0.000000 0.000000 1.000000 0.000000
