Left:
('D = ', [-0.5986096946465091, 0.3271823571914024, 0.03436467792569906, -0.02325028553393032, 0.4403856413846586])
('K = ', [1865.6424207776256, 0.0, 579.8410572749985, 0.0, 2127.575856659486, 784.4760178737434, 0.0, 0.0, 1.0])
('R = ', [0.9806354032657534, -0.008903108141892227, -0.19563982346962722, 0.004455397732711218, 0.9997217849554313, -0.023162515333391, 0.19579161190627264, 0.021842329338694483, 0.9804022426311577])
('P = ', [1945.5205904251113, 0.0, 962.1505737304688, 0.0, 0.0, 1945.5205904251113, 891.0029296875, 0.0, 0.0, 0.0, 1.0, 0.0])

Right:
('D = ', [-0.5507588169847121, -0.30642277246485417, 0.01259388452784388, -0.02556169392681662, 1.728943725251138])
('K = ', [1859.4100789919332, 0.0, 609.0508319964104, 0.0, 2128.4070636699316, 863.7307994627836, 0.0, 0.0, 1.0])
('R = ', [0.985322218591748, 0.012369428103435587, -0.17025605069374083, -0.008502179724248514, 0.9996894495139317, 0.02342471921856912, 0.1704929279746591, -0.021633348768190334, 0.9851213933986519])
('P = ', [1945.5205904251113, 0.0, 962.1505737304688, -308.213308048969, 0.0, 1945.5205904251113, 891.0029296875, 0.0, 0.0, 0.0, 1.0, 0.0])
('self.T ', [-0.1560967393410899, -0.001959589825569889, 0.026972308007392913])
('self.R ', [0.9995850557699375, -0.013548281873929133, -0.025419684098654086, 0.012348284996905094, 0.9988286717846283, -0.04678465858153058, 0.026023761047281633, 0.04645135605361525, 0.998581511636248])
None
# oST version 5.0 parameters


[image]

width
1288

height
964

[narrow_stereo/left]

camera matrix
1865.6424207776256 0.0 579.8410572749985 
0.0 2127.575856659486 784.4760178737434 
0.0 0.0 1.0 

distortion
-0.5986096946465091 0.3271823571914024 0.03436467792569906 -0.02325028553393032 0.4403856413846586 

rectification
0.9806354032657534 -0.008903108141892227 -0.19563982346962722 
0.004455397732711218 0.9997217849554313 -0.023162515333391 
0.19579161190627264 0.021842329338694483 0.9804022426311577 

projection
1945.5205904251113 0.0 962.1505737304688 0.0 
0.0 1945.5205904251113 891.0029296875 0.0 
0.0 0.0 1.0 0.0 

# oST version 5.0 parameters


[image]

width
1288

height
964

[narrow_stereo/right]

camera matrix
1859.4100789919332 0.0 609.0508319964104 
0.0 2128.4070636699316 863.7307994627836 
0.0 0.0 1.0 

distortion
-0.5507588169847121 -0.30642277246485417 0.01259388452784388 -0.02556169392681662 1.728943725251138 

rectification
0.985322218591748 0.012369428103435587 -0.17025605069374083 
-0.008502179724248514 0.9996894495139317 0.02342471921856912 
0.1704929279746591 -0.021633348768190334 0.9851213933986519 

projection
1945.5205904251113 0.0 962.1505737304688 -308.213308048969 
0.0 1945.5205904251113 891.0029296875 0.0 
0.0 0.0 1.0 0.0 

