Left:
('D = ', [-0.37599997939902624, 0.1621422593816474, -0.0006455195327424534, -3.9910943655651845e-05, 0.0])
('K = ', [1080.1915315025433, 0.0, 631.8808051058469, 0.0, 1080.5452862460254, 512.0566728755823, 0.0, 0.0, 1.0])
('R = ', [0.9999477417384609, -0.0054588139492852995, -0.008643792131891802, 0.005497915070358796, 0.9999747326618051, 0.00450632531343324, 0.008618974534791777, -0.004553612655733431, 0.9999524878161713])
('P = ', [1021.524414949964, 0.0, 632.2263259887695, 0.0, 0.0, 1021.524414949964, 498.80701446533203, 0.0, 0.0, 0.0, 1.0, 0.0])

Right:
('D = ', [-0.3760368358654707, 0.1619557634721951, -8.798487877105151e-05, 7.233422921499933e-05, 0.0])
('K = ', [1080.5417468129149, 0.0, 610.0340293157825, 0.0, 1079.7779054132343, 484.09895831777425, 0.0, 0.0, 1.0])
('R = ', [0.9999052558186251, 0.0020534714548470904, -0.013611121969695593, -0.002115110610356775, 0.9999875671211552, -0.004515740273658208, 0.013601679800515786, 0.004544101462039616, 0.9998971674369855])
('P = ', [1021.524414949964, 0.0, 632.2263259887695, -154.71342894959395, 0.0, 1021.524414949964, 498.80701446533203, 0.0, 0.0, 0.0, 1.0, 0.0])
('self.T ', [-0.15143913203484016, -0.00031100540073242125, 0.0020614518076752268])
('self.R ', [0.9999586063415831, -0.007635290706853027, 0.004948528995642135, 0.007590376354236381, 0.9999303985005573, 0.009032405068294934, -0.005017149609082472, -0.008994469986528088, 0.9999469624532401])
None
# oST version 5.0 parameters


[image]

width
1288

height
964

[narrow_stereo/left]

camera matrix
1080.191532 0.000000 631.880805
0.000000 1080.545286 512.056673
0.000000 0.000000 1.000000

distortion
-0.376000 0.162142 -0.000646 -0.000040 0.000000

rectification
0.999948 -0.005459 -0.008644
0.005498 0.999975 0.004506
0.008619 -0.004554 0.999952

projection
1021.524415 0.000000 632.226326 0.000000
0.000000 1021.524415 498.807014 0.000000
0.000000 0.000000 1.000000 0.000000

# oST version 5.0 parameters


[image]

width
1288

height
964

[narrow_stereo/right]

camera matrix
1080.541747 0.000000 610.034029
0.000000 1079.777905 484.098958
0.000000 0.000000 1.000000

distortion
-0.376037 0.161956 -0.000088 0.000072 0.000000

rectification
0.999905 0.002053 -0.013611
-0.002115 0.999988 -0.004516
0.013602 0.004544 0.999897

projection
1021.524415 0.000000 632.226326 -154.713429
0.000000 1021.524415 498.807014 0.000000
0.000000 0.000000 1.000000 0.000000


