Left:
('D = ', [-0.3758261840109362, 0.22474759348742906, -0.0020850195384976853, 0.002838650451303581, -0.10026581987546447])
('K = ', [1029.7265867045307, 0.0, 605.443740804736, 0.0, 1018.1155000149348, 495.8473317494002, 0.0, 0.0, 1.0])
('R = ', [0.9999425137760061, -0.007295355407305232, -0.007857921659246649, 0.0073207137775528255, 0.999968072838287, 0.0032031943227403426, 0.007834302337088036, -0.003260535778547773, 0.9999639956585077])
('P = ', [776.951077208977, 0.0, 535.7919788360596, 0.0, 0.0, 776.951077208977, 656.7143955230713, 0.0, 0.0, 0.0, 1.0, 0.0])

Right:
('D = ', [-0.3774430573384061, 0.23862758525569722, -0.002126255702661849, 0.0023164033143265616, -0.12013957228233381])
('K = ', [1028.2677550636909, 0.0, 582.8719293120104, 0.0, 1017.078393175987, 470.5138250119985, 0.0, 0.0, 1.0])
('R = ', [0.9999062267057298, 2.5344284146287046e-05, -0.013694420498028164, -6.960434446706153e-05, 0.9999947762334331, -0.0032315106499819475, 0.013694267061248063, 0.003232160811744466, 0.9999010051930852])
('P = ', [776.951077208977, 0.0, 535.7919788360596, -117.71318165739402, 0.0, 776.951077208977, 656.7143955230713, 0.0, 0.0, 0.0, 1.0, 0.0])
('self.T ', [-0.15149234843381593, -3.839825197436731e-06, 0.002074794482000916])
('self.R ', [0.9999555213473676, -0.007408924067712856, 0.005836366255896611, 0.007371340088058248, 0.9999521257669712, 0.006435022876528744, -0.00588376344020465, -0.00639171481483084, 0.9999622629427101])
None
# oST version 5.0 parameters


[image]

width
1288

height
964

[narrow_stereo/left]

camera matrix
1029.7265867045307 0.0 605.443740804736 
0.0 1018.1155000149348 495.8473317494002 
0.0 0.0 1.0 

distortion
-0.3758261840109362 0.22474759348742906 -0.0020850195384976853 0.002838650451303581 -0.10026581987546447 

rectification
0.9999425137760061 -0.007295355407305232 -0.007857921659246649 
0.0073207137775528255 0.999968072838287 0.0032031943227403426 
0.007834302337088036 -0.003260535778547773 0.9999639956585077 

projection
776.951077208977 0.0 535.7919788360596 0.0 
0.0 776.951077208977 656.7143955230713 0.0 
0.0 0.0 1.0 0.0 

# oST version 5.0 parameters


[image]

width
1288

height
964

[narrow_stereo/right]

camera matrix
1028.2677550636909 0.0 582.8719293120104 
0.0 1017.078393175987 470.5138250119985 
0.0 0.0 1.0 

distortion
-0.3774430573384061 0.23862758525569722 -0.002126255702661849 0.0023164033143265616 -0.12013957228233381 

rectification
0.9999062267057298 2.5344284146287046e-05 -0.013694420498028164 
-6.960434446706153e-05 0.9999947762334331 -0.0032315106499819475 
0.013694267061248063 0.003232160811744466 0.9999010051930852 

projection
776.951077208977 0.0 535.7919788360596 -117.71318165739402 
0.0 776.951077208977 656.7143955230713 0.0 
0.0 0.0 1.0 0.0 

