Left:
('D = ', [-0.38727994326192566, 0.18770869136493107, -0.0008141678123604491, 0.0008901320177562841, 0.0])
('K = ', [1080.5775365251222, 0.0, 614.462235603658, 0.0, 1079.819744858204, 499.42661386641436, 0.0, 0.0, 1.0])
('R = ', [0.9999973832895419, 0.001804131772774762, 0.0014065996643251961, -0.0018022764901944011, 0.9999975058343241, -0.0013191378183930133, -0.0014089760544834088, 0.0013165992850851336, 0.9999981406746716])
('P = ', [1023.8090681890328, 0.0, 600.7647705078125, 0.0, 0.0, 1023.8090681890328, 488.6779441833496, 0.0, 0.0, 0.0, 1.0, 0.0])

Right:
('D = ', [-0.384310009319084, 0.18716568860169402, -0.0007914785344906055, 0.00043368714390494214, 0.0])
('K = ', [1077.3438382719562, 0.0, 593.2012270740945, 0.0, 1076.6642647874141, 477.18756478383824, 0.0, 0.0, 1.0])
('R = ', [0.9999973832895419, 0.001804131772774762, 0.0014065996643251961, -0.0018022764901944011, 0.9999975058343241, -0.0013191378183930133, -0.0014089760544834088, 0.0013165992850851336, 0.9999981406746716])
('P = ', [1023.8090681890328, 0.0, 600.7647705078125, -155.24991228856604, 0.0, 1023.8090681890328, 488.6779441833496, 0.0, 0.0, 0.0, 1.0, 0.0])
('self.T ', [-0.15163911989870377, -0.0002735776700788561, -0.000213296093281495])
('self.R ', [0.9999596636522043, -0.008028499288827297, 0.004026694393640042, 0.008017820439522795, 0.9999643156956372, 0.002661182210162393, -0.004047916003333448, -0.0026287895551781845, 0.9999883518529126])
None
# oST version 5.0 parameters


[image]

width
1288

height
964

[narrow_stereo/left]

camera matrix
1080.5775365251222 0.0 614.462235603658 
0.0 1079.819744858204 499.42661386641436 
0.0 0.0 1.0 

distortion
-0.38727994326192566 0.18770869136493107 -0.0008141678123604491 0.0008901320177562841 0.0 

rectification
0.9999973832895419 0.001804131772774762 0.0014065996643251961 
-0.0018022764901944011 0.9999975058343241 -0.0013191378183930133 
-0.0014089760544834088 0.0013165992850851336 0.9999981406746716 

projection
1023.8090681890328 0.0 600.7647705078125 0.0 
0.0 1023.8090681890328 488.6779441833496 0.0 
0.0 0.0 1.0 0.0 

# oST version 5.0 parameters


[image]

width
1288

height
964

[narrow_stereo/right]

camera matrix
1077.3438382719562 0.0 593.2012270740945 
0.0 1076.6642647874141 477.18756478383824 
0.0 0.0 1.0 

distortion
-0.384310009319084 0.18716568860169402 -0.0007914785344906055 0.00043368714390494214 0.0 

rectification
0.9999973832895419 0.001804131772774762 0.0014065996643251961 
-0.0018022764901944011 0.9999975058343241 -0.0013191378183930133 
-0.0014089760544834088 0.0013165992850851336 0.9999981406746716 

projection
1023.8090681890328 0.0 600.7647705078125 -155.24991228856604 
0.0 1023.8090681890328 488.6779441833496 0.0 
0.0 0.0 1.0 0.0 

