Left:
('D = ', [-0.39569429184005195, 0.2760247183545938, -3.9730842281453e-05, 0.000781717869646526, -0.19229248268478114])
('K = ', [1084.6554243243352, 0.0, 620.9941332419883, 0.0, 1085.0714339843435, 496.7266885312612, 0.0, 0.0, 1.0])
('R = ', [0.9993537770655858, -0.0025683210290682137, 0.03585292166391843, 0.0025603274438189736, 0.9999966862118488, 0.0002688655831625771, -0.03585349338806265, -0.0001768966167792533, 0.9993570411616957])
('P = ', [844.8489023130718, 0.0, 643.2303123474121, 0.0, 0.0, 844.8489023130718, 318.10206604003906, 0.0, 0.0, 0.0, 1.0, 0.0])

Right:
('D = ', [-0.3915568928163577, 0.24959363130579795, -0.0008633121802903372, 0.0008490393557902216, -0.10835722850878589])
('K = ', [1079.2432774048054, 0.0, 600.3531865002855, 0.0, 1079.5418074945442, 477.5491264323336, 0.0, 0.0, 1.0])
('R = ', [0.9994579569407973, 0.005149583707227544, 0.032515751496307, -0.005142334279259692, 0.9999867311174157, -0.00030657342646954526, -0.03251689877414027, 0.00013920038693622963, 0.9994711761313403])
('P = ', [844.8489023130718, 0.0, 643.2303123474121, -127.766269387347, 0.0, 844.8489023130718, 318.10206604003906, 0.0, 0.0, 0.0, 1.0, 0.0])
('self.T ', [-0.15114775460820243, -0.0007787701414643118, -0.004917348242549409])
('self.R ', [0.9999647626426575, -0.007703493997783636, 0.0033361134932077944, 0.007701558579146383, 0.9999701669650306, 0.000592600523693366, -0.003340579061394651, -0.0005668863685222962, 0.9999942595692136])
None
# oST version 5.0 parameters


[image]

width
1288

height
964

[narrow_stereo/left]

camera matrix
1084.6554243243352 0.0 620.9941332419883 
0.0 1085.0714339843435 496.7266885312612 
0.0 0.0 1.0 

distortion
-0.39569429184005195 0.2760247183545938 -3.9730842281453e-05 0.000781717869646526 -0.19229248268478114 

rectification
0.9993537770655858 -0.0025683210290682137 0.03585292166391843 
0.0025603274438189736 0.9999966862118488 0.0002688655831625771 
-0.03585349338806265 -0.0001768966167792533 0.9993570411616957 

projection
844.8489023130718 0.0 643.2303123474121 0.0 
0.0 844.8489023130718 318.10206604003906 0.0 
0.0 0.0 1.0 0.0 

# oST version 5.0 parameters


[image]

width
1288

height
964

[narrow_stereo/right]

camera matrix
1079.2432774048054 0.0 600.3531865002855 
0.0 1079.5418074945442 477.5491264323336 
0.0 0.0 1.0 

distortion
-0.3915568928163577 0.24959363130579795 -0.0008633121802903372 0.0008490393557902216 -0.10835722850878589 

rectification
0.9994579569407973 0.005149583707227544 0.032515751496307 
-0.005142334279259692 0.9999867311174157 -0.00030657342646954526 
-0.03251689877414027 0.00013920038693622963 0.9994711761313403 

projection
844.8489023130718 0.0 643.2303123474121 -127.766269387347 
0.0 844.8489023130718 318.10206604003906 0.0 
0.0 0.0 1.0 0.0 

 