Left:
('D = ', [-0.3744546620929082, 0.16571088279011031, -3.5379298640333574e-05, 0.00010604844464870654, 0.0])
('K = ', [1080.2002641162658, 0.0, 628.9430318073925, 0.0, 1079.7853415520974, 508.2965827603594, 0.0, 0.0, 1.0])
('R = ', [0.9998556337060779, -0.0047629691233392005, -0.01631029954806536, 0.004840165285297974, 0.9999772563151081, 0.0046967704350070125, 0.016287558019190573, -0.004775036925331261, 0.9998559468624134])
('P = ', [1016.2353019029625, 0.0, 639.0580825805664, 0.0, 0.0, 1016.2353019029625, 496.9208869934082, 0.0, 0.0, 0.0, 1.0, 0.0])

Right:
('D = ', [-0.36903743739619477, 0.1492957569356178, 0.00043657702834122916, 0.0003198308779795964, 0.0])
('K = ', [1080.8371816495721, 0.0, 610.4566603893016, 0.0, 1079.798144935313, 482.61442729236825, 0.0, 0.0, 1.0])
('R = ', [0.9998296058505792, 0.002357565918715848, -0.018308499327203104, -0.0024442535886220608, 0.9999859022901595, -0.004713899164145147, 0.018297127891278298, 0.004757846558489424, 0.9998212730318635])
('P = ', [1016.2353019029625, 0.0, 639.0580825805664, -153.7252850008661, 0.0, 1016.2353019029625, 496.9208869934082, 0.0, 0.0, 0.0, 1.0, 0.0])
('self.T ', [-0.1512436055152513, -0.0003566275370323361, 0.0027695153590330947])
('self.R ', [0.9999714490965744, -0.007293724999880639, 0.001975491666163492, 0.007274816317598339, 0.9999292110192226, 0.009415412790748019, -0.002044025254777981, -0.009400772633198435, 0.9999537226465316])
None
# oST version 5.0 parameters


[image]

width
1288

height
964

[narrow_stereo/left]

camera matrix
1080.200264 0.000000 628.943032
0.000000 1079.785342 508.296583
0.000000 0.000000 1.000000

distortion
-0.374455 0.165711 -0.000035 0.000106 0.000000

rectification
0.999856 -0.004763 -0.016310
0.004840 0.999977 0.004697
0.016288 -0.004775 0.999856

projection
1016.235302 0.000000 639.058083 0.000000
0.000000 1016.235302 496.920887 0.000000
0.000000 0.000000 1.000000 0.000000

# oST version 5.0 parameters


[image]

width
1288

height
964

[narrow_stereo/right]

camera matrix
1080.837182 0.000000 610.456660
0.000000 1079.798145 482.614427
0.000000 0.000000 1.000000

distortion
-0.369037 0.149296 0.000437 0.000320 0.000000

rectification
0.999830 0.002358 -0.018308
-0.002444 0.999986 -0.004714
0.018297 0.004758 0.999821

projection
1016.235302 0.000000 639.058083 -153.725285
0.000000 1016.235302 496.920887 0.000000
0.000000 0.000000 1.000000 0.000000
