Left:
('D = ', [-0.3847172197703033, 0.17996903297375336, -0.0007030343027409003, 0.00029570381827695495, 0.0])
('K = ', [1082.270892718963, 0.0, 621.3166846833283, 0.0, 1081.8871525125483, 511.2228469273514, 0.0, 0.0, 1.0])
('R = ', [0.9988790243121864, -0.005567708949379091, -0.04700739735604764, 0.00592627289098653, 0.9999543743141311, 0.007491900937406825, 0.04696353988740531, -0.007762081363227464, 0.998866445534214])
('P = ', [1016.2102891565121, 0.0, 672.2799301147461, 0.0, 0.0, 1016.2102891565121, 496.37292861938477, 0.0, 0.0, 0.0, 1.0, 0.0])

Right:
('D = ', [-0.38005132765614225, 0.1706605443002355, 0.0006603348972549289, 0.00031467048373027076, 0.0])
('K = ', [1084.8692555586608, 0.0, 605.0567100029266, 0.0, 1083.6227721422556, 480.0840163254714, 0.0, 0.0, 1.0])
('R = ', [0.9988985678387668, 0.0005599695061425432, -0.04691841433608585, -0.0009179984624084059, 0.999970624564982, -0.007609683695312817, 0.04691277489643362, 0.007644373177173156, 0.9988697388099435])
('P = ', [1016.2102891565121, 0.0, 672.2799301147461, -153.7112891959061, 0.0, 1016.2102891565121, 496.37292861938477, 0.0, 0.0, 0.0, 1.0, 0.0])
('self.T ', [-0.15109272979895333, -8.470061326678767e-05, 0.0070968479965041135])
('self.R ', [0.9999765764953037, -0.006843673849497113, -0.00010290273937753223, 0.006844447422702375, 0.9998625462255848, 0.015101066014293944, -4.581755739631522e-07, -0.01510141660679256, 0.9998859671063787])
None
# oST version 5.0 parameters


[image]

width
1288

height
964

[narrow_stereo/left]

camera matrix
1082.270893 0.000000 621.316685
0.000000 1081.887153 511.222847
0.000000 0.000000 1.000000

distortion
-0.384717 0.179969 -0.000703 0.000296 0.000000

rectification
0.998879 -0.005568 -0.047007
0.005926 0.999954 0.007492
0.046964 -0.007762 0.998866

projection
1016.210289 0.000000 672.279930 0.000000
0.000000 1016.210289 496.372929 0.000000
0.000000 0.000000 1.000000 0.000000

# oST version 5.0 parameters


[image]

width
1288

height
964

[narrow_stereo/right]

camera matrix
1084.869256 0.000000 605.056710
0.000000 1083.622772 480.084016
0.000000 0.000000 1.000000

distortion
-0.380051 0.170661 0.000660 0.000315 0.000000

rectification
0.998899 0.000560 -0.046918
-0.000918 0.999971 -0.007610
0.046913 0.007644 0.998870

projection
1016.210289 0.000000 672.279930 -153.711289
0.000000 1016.210289 496.372929 0.000000
0.000000 0.000000 1.000000 0.000000

