Left:
('D = ', [-0.37306751030348306, 0.16047715214072406, -0.0013370584572331018, 0.00039534743801621433, 0.0])
('K = ', [1079.2134446780972, 0.0, 625.9835159557759, 0.0, 1078.8009645419997, 503.40624259101907, 0.0, 0.0, 1.0])
('R = ', [0.9973017237478881, -0.001889560818519273, -0.0733873379364895, 0.0020987596997526134, 0.9999939511511554, 0.0027736021385669817, 0.07338165313764802, -0.002920140581116905, 0.9972996569546049])
('P = ', [1028.5405298635937, 0.0, 714.2334442138672, 0.0, 0.0, 1028.5405298635937, 487.0133514404297, 0.0, 0.0, 0.0, 1.0, 0.0])

Right:
('D = ', [-0.3821662263089063, 0.17518767771772686, 0.0002634213827640065, 0.0009152618793098322, 0.0])
('K = ', [1086.826812562104, 0.0, 597.7953899726058, 0.0, 1086.06561819547, 471.32991890684775, 0.0, 0.0, 1.0])
('R = ', [0.9964299474047046, 0.005510757095580094, -0.08424364350674367, -0.005750941939984322, 0.9999800605644683, -0.002608666380558855, 0.08422758800927835, 0.0030838336069967057, 0.9964417711981086])
('P = ', [1028.5405298635937, 0.0, 714.2334442138672, -156.18473546751113, 0.0, 1028.5405298635937, 487.0133514404297, 0.0, 0.0, 0.0, 1.0, 0.0])
('self.T ', [-0.15130871679694455, -0.0008368130513175132, 0.012792467378670009])
('self.R ', [0.9999099939434674, -0.0078796785382222, 0.010858852522683971, 0.007820902210335361, 0.9999545936978851, 0.005444633239613577, -0.010901261422032363, -0.005359217165950082, 0.999926217923491])
None
# oST version 5.0 parameters


[image]

width
1288

height
964

[narrow_stereo/left]

camera matrix
1079.213445 0.000000 625.983516
0.000000 1078.800965 503.406243
0.000000 0.000000 1.000000

distortion
-0.373068 0.160477 -0.001337 0.000395 0.000000

rectification
0.997302 -0.001890 -0.073387
0.002099 0.999994 0.002774
0.073382 -0.002920 0.997300

projection
1028.540530 0.000000 714.233444 0.000000
0.000000 1028.540530 487.013351 0.000000
0.000000 0.000000 1.000000 0.000000

# oST version 5.0 parameters


[image]

width
1288

height
964

[narrow_stereo/right]

camera matrix
1086.826813 0.000000 597.795390
0.000000 1086.065618 471.329919
0.000000 0.000000 1.000000

distortion
-0.382166 0.175188 0.000263 0.000915 0.000000

rectification
0.996430 0.005511 -0.084244
-0.005751 0.999980 -0.002609
0.084228 0.003084 0.996442

projection
1028.540530 0.000000 714.233444 -156.184735
0.000000 1028.540530 487.013351 0.000000
0.000000 0.000000 1.000000 0.000000
