Left:
('D = ', [-0.37952563795350414, 0.17109548977021785, -0.000721161306047877, 0.0005112403348488834, 0.0])
('K = ', [1082.2681950229417, 0.0, 630.366122989419, 0.0, 1081.6072813654432, 506.38768939674327, 0.0, 0.0, 1.0])
('R = ', [0.9998480411229128, -0.0038386161101397124, -0.0170046960876417, 0.003928242464180383, 0.9999785532249502, 0.005240419952453211, 0.01698421543129656, -0.005306422193383743, 0.9998416766216984])
('P = ', [1017.3861230576472, 0.0, 644.2630844116211, 0.0, 0.0, 1017.3861230576472, 493.37866592407227, 0.0, 0.0, 0.0, 1.0, 0.0])

Right:
('D = ', [-0.3858029337442391, 0.18906370172558012, 0.0002580568701662692, 0.0003783971009280572, 0.0])
('K = ', [1084.1374889480187, 0.0, 607.6650172362929, 0.0, 1082.5996982473046, 479.6875559274338, 0.0, 0.0, 1.0])
('R = ', [0.9997291733786247, 0.0030599169360134484, -0.023069824534150792, -0.0031815441390810957, 0.9999812241889762, -0.005237274711864856, 0.023053365753895626, 0.0053092539834856695, 0.9997201379133843])
('P = ', [1017.3861230576472, 0.0, 644.2630844116211, -153.69664964979515, 0.0, 1017.3861230576472, 493.37866592407227, 0.0, 0.0, 0.0, 1.0, 0.0])
('self.T ', [-0.15102921203963324, -0.0004622620366184203, 0.003485161295743387])
('self.R ', [0.9999563011096385, -0.007141383307603418, 0.00603295247651544, 0.007077794176156164, 0.9999198588269923, 0.010496702006237544, -0.006107429961119523, -0.010453543316104099, 0.9999267086798953])
None
# oST version 5.0 parameters


[image]

width
1288

height
964

[narrow_stereo/left]

camera matrix
1082.268195 0.000000 630.366123
0.000000 1081.607281 506.387689
0.000000 0.000000 1.000000

distortion
-0.379526 0.171095 -0.000721 0.000511 0.000000

rectification
0.999848 -0.003839 -0.017005
0.003928 0.999979 0.005240
0.016984 -0.005306 0.999842

projection
1017.386123 0.000000 644.263084 0.000000
0.000000 1017.386123 493.378666 0.000000
0.000000 0.000000 1.000000 0.000000

# oST version 5.0 parameters


[image]

width
1288

height
964

[narrow_stereo/right]

camera matrix
1084.137489 0.000000 607.665017
0.000000 1082.599698 479.687556
0.000000 0.000000 1.000000

distortion
-0.385803 0.189064 0.000258 0.000378 0.000000

rectification
0.999729 0.003060 -0.023070
-0.003182 0.999981 -0.005237
0.023053 0.005309 0.999720

projection
1017.386123 0.000000 644.263084 -153.696650
0.000000 1017.386123 493.378666 0.000000
0.000000 0.000000 1.000000 0.000000

