Left:
('D = ', [-0.37974339525580975, 0.1681519556442529, 0.0003867021923944814, 0.00011906670705545971, 0.0])
('K = ', [1083.611929023147, 0.0, 617.3810139892641, 0.0, 1083.4158598355693, 480.47280167081965, 0.0, 0.0, 1.0])
('R = ', [0.999367326306721, 0.0011497771562070387, -0.03554750515924965, -0.0011335840505744045, 0.9999992443550628, 0.0004756852989123029, 0.03554802523004758, -0.0004350882604511829, 0.9993678745089065])
('P = ', [1019.0240420350368, 0.0, 660.5466156005859, 0.0, 0.0, 1019.0240420350368, 475.02912521362305, 0.0, 0.0, 0.0, 1.0, 0.0])

Right:
('D = ', [-0.38072034026927964, 0.1679712571820168, 0.0007911387395194335, 7.991640430404069e-06, 0.0])
('K = ', [1088.5924578260833, 0.0, 613.7699067720554, 0.0, 1088.7573781074911, 468.4447319868334, 0.0, 0.0, 1.0])
('R = ', [0.9992191643171376, 0.010833727973449798, -0.03799594714648745, -0.010851035817942948, 0.9999410946958016, -0.00024931955336811664, 0.03799100792344283, 0.0006614202591875957, 0.9992778621785843])
('P = ', [1019.0240420350368, 0.0, 660.5466156005859, -154.12961555599736, 0.0, 1019.0240420350368, 475.02912521362305, 0.0, 0.0, 0.0, 1.0, 0.0])
('self.T ', [-0.15113408447637988, -0.0016386250556477866, 0.005746970125139494])
('self.R ', [0.9999497905073668, -0.00971867769078885, 0.0024420827619014824, 0.009716868666363164, 0.9999525076921264, 0.0007515474360765706, -0.0024492708290556648, -0.0007277803037913396, 0.9999967356987899])
None
# oST version 5.0 parameters


[image]

width
1288

height
964

[narrow_stereo/left]

camera matrix
1083.611929 0.000000 617.381014
0.000000 1083.415860 480.472802
0.000000 0.000000 1.000000

distortion
-0.379743 0.168152 0.000387 0.000119 0.000000

rectification
0.999367 0.001150 -0.035548
-0.001134 0.999999 0.000476
0.035548 -0.000435 0.999368

projection
1019.024042 0.000000 660.546616 0.000000
0.000000 1019.024042 475.029125 0.000000
0.000000 0.000000 1.000000 0.000000

# oST version 5.0 parameters


[image]

width
1288

height
964

[narrow_stereo/right]

camera matrix
1088.592458 0.000000 613.769907
0.000000 1088.757378 468.444732
0.000000 0.000000 1.000000

distortion
-0.380720 0.167971 0.000791 0.000008 0.000000

rectification
0.999219 0.010834 -0.037996
-0.010851 0.999941 -0.000249
0.037991 0.000661 0.999278

projection
1019.024042 0.000000 660.546616 -154.129616
0.000000 1019.024042 475.029125 0.000000
0.000000 0.000000 1.000000 0.000000

