Left:
('D = ', [-0.38471066121855385, 0.17553963487297464, 0.0006367418017089461, 8.414205289747391e-05, 0.0])
('K = ', [1089.2697199021202, 0.0, 632.6534258120606, 0.0, 1088.7955804564897, 498.36639437222817, 0.0, 0.0, 1.0])
('R = ', [0.998253808038651, -0.0023312897143453067, -0.05902456966890768, 0.0021476962632937455, 0.9999926574689384, -0.0031737058734289934, 0.0590315351070306, 0.0030413971260247357, 0.9982514852312662])
('P = ', [1040.0722315485152, 0.0, 691.7445678710938, 0.0, 0.0, 1040.0722315485152, 489.720458984375, 0.0, 0.0, 0.0, 1.0, 0.0])

Right:
('D = ', [-0.3774442695491214, 0.16758777801343783, 0.0008331890576657158, 8.756107658329123e-05, 0.0])
('K = ', [1090.7469393895578, 0.0, 590.0102117071328, 0.0, 1090.6428945779921, 477.39010445495956, 0.0, 0.0, 1.0])
('R = ', [0.9976437814647983, 0.007112000200720298, -0.06823712155244266, -0.006899697715732178, 0.9999705973654911, 0.003346427338895954, 0.06825891499320368, -0.0028677269130697692, 0.9976635187608608])
('P = ', [1040.0722315485152, 0.0, 691.7445678710938, -157.5348259052244, 0.0, 1040.0722315485152, 489.720458984375, 0.0, 0.0, 0.0, 1.0, 0.0])
('self.T ', [-0.15110838907264457, -0.0010772210616471311, 0.010335554337445409])
('self.R ', [0.9999163139951017, -0.009017841272919679, 0.00927596599959314, 0.00907792807656873, 0.9999379530210111, -0.0064561079596636905, -0.009217170297104569, 0.006539774225966373, 0.999936135523058])
None
# oST version 5.0 parameters


[image]

width
1288

height
964

[narrow_stereo/left]

camera matrix
1089.269720 0.000000 632.653426
0.000000 1088.795580 498.366394
0.000000 0.000000 1.000000

distortion
-0.384711 0.175540 0.000637 0.000084 0.000000

rectification
0.998254 -0.002331 -0.059025
0.002148 0.999993 -0.003174
0.059032 0.003041 0.998251

projection
1040.072232 0.000000 691.744568 0.000000
0.000000 1040.072232 489.720459 0.000000
0.000000 0.000000 1.000000 0.000000

# oST version 5.0 parameters


[image]

width
1288

height
964

[narrow_stereo/right]

camera matrix
1090.746939 0.000000 590.010212
0.000000 1090.642895 477.390104
0.000000 0.000000 1.000000

distortion
-0.377444 0.167588 0.000833 0.000088 0.000000

rectification
0.997644 0.007112 -0.068237
-0.006900 0.999971 0.003346
0.068259 -0.002868 0.997664

projection
1040.072232 0.000000 691.744568 -157.534826
0.000000 1040.072232 489.720459 0.000000
0.000000 0.000000 1.000000 0.000000

