Left:
('D = ', [-0.35554031868228336, 0.13469250904280244, -0.0018480009691686217, 0.0024067097593904606, 0.0])
('K = ', [1054.0652908432105, 0.0, 597.4868621050159, 0.0, 1057.5691569202097, 515.714725506261, 0.0, 0.0, 1.0])
('R = ', [0.9911506040112479, -0.003160318026304237, -0.13270453103835975, 0.0037820096757225662, 0.9999830223924006, 0.004432982040634658, 0.13268826839985182, -0.004895642647545387, 0.9911457289985748])
('P = ', [1029.772828856628, 0.0, 747.2142333984375, 0.0, 0.0, 1029.772828856628, 489.6476821899414, 0.0, 0.0, 0.0, 1.0, 0.0])

Right:
('D = ', [-0.38528572332433464, 0.18814265449847434, -0.00107500685228717, 0.0034045024779560226, 0.0])
('K = ', [1066.7615996293582, 0.0, 596.1415108012015, 0.0, 1069.7786273257439, 465.22139748529577, 0.0, 0.0, 1.0])
('R = ', [0.995617583136315, 0.016959924513202645, -0.09196732631923886, -0.017390127108564662, 0.9998412582320452, -0.0038783780255099783, 0.09188695026471856, 0.005460704850773618, 0.9957544722839972])
('P = ', [1029.772828856628, 0.0, 747.2142333984375, -286.677405411577, 0.0, 1029.772828856628, 489.6476821899414, 0.0, 0.0, 0.0, 1.0, 0.0])
('self.T ', [-0.27716896146169545, -0.00472145605241839, 0.025602689984656746])
('self.R ', [0.9989335195799598, -0.020986145733569325, -0.041126696279223836, 0.021315820208956778, 0.9997439509047842, 0.007593973802423363, 0.04095679758493776, -0.0084625242417291, 0.9991250804654263])
None
# oST version 5.0 parameters


[image]

width
1288

height
964

[narrow_stereo/left]

camera matrix
1054.065291 0.000000 597.486862
0.000000 1057.569157 515.714726
0.000000 0.000000 1.000000

distortion
-0.355540 0.134693 -0.001848 0.002407 0.000000

rectification
0.991151 -0.003160 -0.132705
0.003782 0.999983 0.004433
0.132688 -0.004896 0.991146

projection
1029.772829 0.000000 747.214233 0.000000
0.000000 1029.772829 489.647682 0.000000
0.000000 0.000000 1.000000 0.000000

# oST version 5.0 parameters


[image]

width
1288

height
964

[narrow_stereo/right]

camera matrix
1066.761600 0.000000 596.141511
0.000000 1069.778627 465.221397
0.000000 0.000000 1.000000

distortion
-0.385286 0.188143 -0.001075 0.003405 0.000000

rectification
0.995618 0.016960 -0.091967
-0.017390 0.999841 -0.003878
0.091887 0.005461 0.995754

projection
1029.772829 0.000000 747.214233 -286.677405
0.000000 1029.772829 489.647682 0.000000
0.000000 0.000000 1.000000 0.000000

