Left:
('D = ', [-0.3805861675695052, 0.17165037665495908, -0.0003372658228422064, 0.00043591057047062134, 0.0])
('K = ', [1082.8980598346147, 0.0, 635.34751846854, 0.0, 1083.2768956241953, 509.7539427129782, 0.0, 0.0, 1.0])
('R = ', [0.9997828988625039, -0.0010386334443664648, -0.02081048732386691, 0.001087677572866412, 0.9999966577355355, 0.002345522384443125, 0.02080798163172165, -0.0023676482692080334, 0.9997806870219524])
('P = ', [1036.9749866319005, 0.0, 647.1221160888672, 0.0, 0.0, 1036.9749866319005, 493.04130935668945, 0.0, 0.0, 0.0, 1.0, 0.0])

Right:
('D = ', [-0.3790413136094018, 0.1743761535267952, 0.0003027392026519024, 0.0003445168036874636, 0.0])
('K = ', [1085.7532266294736, 0.0, 602.0237323102812, 0.0, 1086.2694890916764, 474.67927666663974, 0.0, 0.0, 1.0])
('R = ', [0.9996593653255291, 0.0071983311758690065, -0.02508659692431298, -0.007257438132862042, 0.9999710973032773, -0.0022658662421029007, 0.025069561398399397, 0.002447158834635372, 0.9996827139172358])
('P = ', [1036.9749866319005, 0.0, 647.1221160888672, -157.26060968275127, 0.0, 1036.9749866319005, 493.04130935668945, 0.0, 0.0, 0.0, 1.0, 0.0])
('self.T ', [-0.15160157505512653, -0.0010916501979399541, 0.003804463538697836])
('self.R ', [0.9999560913606077, -0.008355049430049544, 0.004243642284349263, 0.0083353349821241, 0.9999544846965309, 0.004642275953781238, -0.004282235578744644, -0.004606699937776072, 0.9999802201914453])
None
# oST version 5.0 parameters


[image]

width
1288

height
964

[narrow_stereo/left]

camera matrix
1082.898060 0.000000 635.347518
0.000000 1083.276896 509.753943
0.000000 0.000000 1.000000

distortion
-0.380586 0.171650 -0.000337 0.000436 0.000000

rectification
0.999783 -0.001039 -0.020810
0.001088 0.999997 0.002346
0.020808 -0.002368 0.999781

projection
1036.974987 0.000000 647.122116 0.000000
0.000000 1036.974987 493.041309 0.000000
0.000000 0.000000 1.000000 0.000000

# oST version 5.0 parameters


[image]

width
1288

height
964

[narrow_stereo/right]

camera matrix
1085.753227 0.000000 602.023732
0.000000 1086.269489 474.679277
0.000000 0.000000 1.000000

distortion
-0.379041 0.174376 0.000303 0.000345 0.000000

rectification
0.999659 0.007198 -0.025087
-0.007257 0.999971 -0.002266
0.025070 0.002447 0.999683

projection
1036.974987 0.000000 647.122116 -157.260610
0.000000 1036.974987 493.041309 0.000000
0.000000 0.000000 1.000000 0.000000
