Left:
('D = ', [-0.3819860087587769, 0.17300825548238444, 0.001144576247991462, -0.00011325960569051838, 0.0])
('K = ', [1089.2862009364292, 0.0, 626.3402377652544, 0.0, 1088.6065246329579, 502.3859082148549, 0.0, 0.0, 1.0])
('R = ', [0.9987076376869037, -0.005851905058166601, 0.0504857369267257, 0.005811159966286088, 0.9999826601838824, 0.0009538088971258858, -0.05049044311244044, -0.0006591955371562842, 0.9987243266365115])
('P = ', [1043.576717075766, 0.0, 584.3246459960938, 0.0, 0.0, 1043.576717075766, 486.8430404663086, 0.0, 0.0, 0.0, 1.0, 0.0])

Right:
('D = ', [-0.3799094729635024, 0.17229091049565023, 0.0006157467688160178, 6.746395777272482e-05, 0.0])
('K = ', [1085.7873191973654, 0.0, 605.3242776113273, 0.0, 1085.6800111671091, 467.41231314764826, 0.0, 0.0, 1.0])
('R = ', [0.9998570265601343, 0.014363855103537479, -0.008922225332927133, -0.014371048806559901, 0.9998964553333047, -0.0007426763034966121, 0.008910633789266594, 0.0008707918562334356, 0.9999599203603196])
('P = ', [1043.576717075766, 0.0, 584.3246459960938, -164.71020930214317, 0.0, 1043.576717075766, 486.8430404663086, 0.0, 0.0, 0.0, 1.0, 0.0])
('self.T ', [-0.1578098259784974, -0.0022670816067255095, 0.0014082161646386357])
('self.R ', [0.9980314347085925, -0.020227741856413923, 0.05936407830413011, 0.020111883383515185, 0.9997944873741922, 0.002548560955569613, -0.05940342986963376, -0.0013496205269069089, 0.9982331446331347])
None
# oST version 5.0 parameters


[image]

width
1288

height
964

[narrow_stereo/left]

camera matrix
1089.286201 0.000000 626.340238
0.000000 1088.606525 502.385908
0.000000 0.000000 1.000000

distortion
-0.381986 0.173008 0.001145 -0.000113 0.000000

rectification
0.998708 -0.005852 0.050486
0.005811 0.999983 0.000954
-0.050490 -0.000659 0.998724

projection
1043.576717 0.000000 584.324646 0.000000
0.000000 1043.576717 486.843040 0.000000
0.000000 0.000000 1.000000 0.000000

# oST version 5.0 parameters


[image]

width
1288

height
964

[narrow_stereo/right]

camera matrix
1085.787319 0.000000 605.324278
0.000000 1085.680011 467.412313
0.000000 0.000000 1.000000

distortion
-0.379909 0.172291 0.000616 0.000067 0.000000

rectification
0.999857 0.014364 -0.008922
-0.014371 0.999896 -0.000743
0.008911 0.000871 0.999960

projection
1043.576717 0.000000 584.324646 -164.710209
0.000000 1043.576717 486.843040 0.000000
0.000000 0.000000 1.000000 0.000000

