Left:
('D = ', [-0.3695905190788361, 0.12111056315875278, -0.004683553977450523, -0.0034038845378232792, 0.0])
('K = ', [934.7088093507662, 0.0, 684.2457173942242, 0.0, 939.3848739960893, 454.2486185336697, 0.0, 0.0, 1.0])
('R = ', [0.994299875412311, -0.01608116403088399, 0.10539997115025533, 0.016683667882869496, 0.9998491174145685, -0.00483710980672323, -0.10530628177386647, 0.006567995791715473, 0.9944181456762758])
('P = ', [918.4276405135253, 0.0, 552.1032409667969, 0.0, 0.0, 918.4276405135253, 463.178861618042, 0.0, 0.0, 0.0, 1.0, 0.0])

Right:
('D = ', [-0.3716188692288947, 0.1353621419602173, -0.008442925842635937, -0.00293841140186517, 0.0])
('K = ', [919.7384704985061, 0.0, 675.1518124829228, 0.0, 920.7705067119914, 477.71798213851025, 0.0, 0.0, 1.0])
('R = ', [0.9961659101400239, 0.008138066391081451, 0.08710482966123297, -0.008635840169392691, 0.9999484555058348, 0.0053393441604765845, -0.08705688794958595, -0.006071096022108549, 0.9961848423127224])
('P = ', [918.4276405135253, 0.0, 552.1032409667969, -135.07458974361904, 0.0, 918.4276405135253, 463.178861618042, 0.0, 0.0, 0.0, 1.0, 0.0])
('self.T ', [-0.14650767865991832, -0.0011968781541320244, -0.012810643552278447])
('self.R ', [0.9995112000257164, -0.025225833848130565, 0.018466681613624938, 0.025413810878778125, 0.9996268361839166, -0.010016316566034274, -0.018207120578778557, 0.010480729344841627, 0.9997793031827724])
None
# oST version 5.0 parameters


[image]

width
1288

height
728

[narrow_stereo/left]

camera matrix
934.708809 0.000000 684.245717
0.000000 939.384874 454.248619
0.000000 0.000000 1.000000

distortion
-0.369591 0.121111 -0.004684 -0.003404 0.000000

rectification
0.994300 -0.016081 0.105400
0.016684 0.999849 -0.004837
-0.105306 0.006568 0.994418

projection
918.427641 0.000000 552.103241 0.000000
0.000000 918.427641 463.178862 0.000000
0.000000 0.000000 1.000000 0.000000

# oST version 5.0 parameters


[image]

width
1288

height
728

[narrow_stereo/right]

camera matrix
919.738470 0.000000 675.151812
0.000000 920.770507 477.717982
0.000000 0.000000 1.000000

distortion
-0.371619 0.135362 -0.008443 -0.002938 0.000000

rectification
0.996166 0.008138 0.087105
-0.008636 0.999948 0.005339
-0.087057 -0.006071 0.996185

projection
918.427641 0.000000 552.103241 -135.074590
0.000000 918.427641 463.178862 0.000000
0.000000 0.000000 1.000000 0.000000

