Left:
('D = ', [-0.36862835758249013, 0.14856921779061355, 0.0006954526685476625, 0.000664433949922559, 0.0])
('K = ', [1087.5810016838982, 0.0, 618.572091311105, 0.0, 1087.0892898406041, 494.4269562893707, 0.0, 0.0, 1.0])
('R = ', [0.9996728422344896, 0.0034163814804423855, 0.025348310326274506, -0.003360386123258312, 0.9999918196812155, -0.0022513053444306944, -0.025355794286900896, 0.0021653887021362357, 0.9996761449528786])
('P = ', [1032.0702689375203, 0.0, 562.703483581543, 0.0, 0.0, 1032.0702689375203, 486.32254791259766, 0.0, 0.0, 0.0, 1.0, 0.0])

Right:
('D = ', [-0.37301871070966813, 0.15945242245242905, 0.0001753271841679272, -2.7371168389766275e-05, 0.0])
('K = ', [1083.2554290398082, 0.0, 593.9655319605547, 0.0, 1082.7134963102462, 474.5084563275853, 0.0, 0.0, 1.0])
('R = ', [0.9994419868970486, 0.012523020008220802, 0.03096592961874861, -0.012591388113283636, 0.9999186974132109, 0.0020138293989591916, -0.030938192782711944, -0.002402609693885788, 0.9995184118834421])
('P = ', [1032.0702689375203, 0.0, 562.703483581543, -156.76912854543698, 0.0, 1032.0702689375203, 486.32254791259766, 0.0, 0.0, 0.0, 1.0, 0.0])
('self.T ', [-0.1518129666489362, -0.0019022182815778001, -0.004703654341218602])
('self.R ', [0.9999417860675535, -0.009243803230031543, -0.005565660596509675, 0.00921973016696546, 0.9999480985892559, -0.004335516506707831, 0.0056054483923615814, 0.004283950230342021, 0.9999751130496921])
None
# oST version 5.0 parameters


[image]

width
1288

height
964

[narrow_stereo/left]

camera matrix
1087.581002 0.000000 618.572091
0.000000 1087.089290 494.426956
0.000000 0.000000 1.000000

distortion
-0.368628 0.148569 0.000695 0.000664 0.000000

rectification
0.999673 0.003416 0.025348
-0.003360 0.999992 -0.002251
-0.025356 0.002165 0.999676

projection
1032.070269 0.000000 562.703484 0.000000
0.000000 1032.070269 486.322548 0.000000
0.000000 0.000000 1.000000 0.000000

# oST version 5.0 parameters


[image]

width
1288

height
964

[narrow_stereo/right]

camera matrix
1083.255429 0.000000 593.965532
0.000000 1082.713496 474.508456
0.000000 0.000000 1.000000

distortion
-0.373019 0.159452 0.000175 -0.000027 0.000000

rectification
0.999442 0.012523 0.030966
-0.012591 0.999919 0.002014
-0.030938 -0.002403 0.999518

projection
1032.070269 0.000000 562.703484 -156.769129
0.000000 1032.070269 486.322548 0.000000
0.000000 0.000000 1.000000 0.000000


