Left:
('D = ', [-0.3654656418785676, 0.12419983873777705, -0.0039024070923543664, 0.0006472415767403725, 0.0])
('K = ', [966.5222348920261, 0.0, 626.6781066319558, 0.0, 968.9304589960368, 412.39549884061364, 0.0, 0.0, 1.0])
('R = ', [0.999968859619854, -0.007530013956203616, -0.0023619230275127474, 0.007564876534249711, 0.9998571294269317, 0.01511599739208499, 0.0022477619068919322, -0.015133394330266454, 0.9998829571217097])
('P = ', [947.0436985146529, 0.0, 641.0391693115234, 0.0, 0.0, 947.0436985146529, 406.2166633605957, 0.0, 0.0, 0.0, 1.0, 0.0])

Right:
('D = ', [-0.3784350763308696, 0.15758966641460712, 0.0014326139501474244, 0.0016539290184137414, 0.0])
('K = ', [972.8422456758158, 0.0, 631.3046563175418, 0.0, 971.3276464532165, 396.7116076556371, 0.0, 0.0, 1.0])
('R = ', [0.99982708054006, 0.005734321314643886, -0.017689730857216427, -0.0060012307773260115, 0.9998683955931319, -0.015072382796812294, 0.01760097292474508, 0.015175936645781998, 0.9997299118757155])
('P = ', [947.0436985146529, 0.0, 641.0391693115234, -143.56165438143702, 0.0, 947.0436985146529, 406.2166633605957, 0.0, 0.0, 0.0, 1.0, 0.0])
('self.T ', [-0.15156304825513017, -0.0008692615303561059, 0.0026815732277275066])
('self.R ', [0.9997901097712723, -0.013795447712170122, 0.015146683662376417, 0.013332135601153263, 0.9994527008693401, 0.03027462444513192, -0.015556045894114039, -0.030066332456787904, 0.9994268482929294])
None
# oST version 5.0 parameters


[image]

width
1288

height
728

[narrow_stereo/left]

camera matrix
966.522235 0.000000 626.678107
0.000000 968.930459 412.395499
0.000000 0.000000 1.000000

distortion
-0.365466 0.124200 -0.003902 0.000647 0.000000

rectification
0.999969 -0.007530 -0.002362
0.007565 0.999857 0.015116
0.002248 -0.015133 0.999883

projection
947.043699 0.000000 641.039169 0.000000
0.000000 947.043699 406.216663 0.000000
0.000000 0.000000 1.000000 0.000000

# oST version 5.0 parameters


[image]

width
1288

height
728

[narrow_stereo/right]

camera matrix
972.842246 0.000000 631.304656
0.000000 971.327646 396.711608
0.000000 0.000000 1.000000

distortion
-0.378435 0.157590 0.001433 0.001654 0.000000

rectification
0.999827 0.005734 -0.017690
-0.006001 0.999868 -0.015072
0.017601 0.015176 0.999730

projection
947.043699 0.000000 641.039169 -143.561654
0.000000 947.043699 406.216663 0.000000
0.000000 0.000000 1.000000 0.000000

