Left:
('D = ', [-0.3744305579845493, 0.15261282160913145, 0.0004511330825465393, 0.00011311409348522367, 0.0])
('K = ', [1084.6683884542063, 0.0, 611.7340427106005, 0.0, 1083.487561432285, 477.8535647312191, 0.0, 0.0, 1.0])
('R = ', [0.9999839958137301, -0.005032209867549159, 0.002585532876374053, 0.005028126575625779, 0.999986105352706, 0.0015833649820809858, -0.002593464776193412, -0.0015703392550450444, 0.9999954039769775])
('P = ', [1029.040256898442, 0.0, 613.3741302490234, 0.0, 0.0, 1029.040256898442, 488.86999893188477, 0.0, 0.0, 0.0, 1.0, 0.0])

Right:
('D = ', [-0.38030180267363456, 0.16759993728153902, 0.0006318325175263456, 0.0006644285620183535, 0.0])
('K = ', [1086.3515835176636, 0.0, 625.0228055019649, 0.0, 1086.3497807539673, 497.10240329396015, 0.0, 0.0, 1.0])
('R = ', [0.9999845164773703, 0.005549308989016813, -0.00041469900465036227, -0.005549956013980954, 0.9999833574187355, -0.0015757137419994361, 0.00040594798055589823, 0.0015779909056348896, 0.9999986725745883])
('P = ', [1029.040256898442, 0.0, 613.3741302490234, -155.79958962170866, 0.0, 1029.040256898442, 488.86999893188477, 0.0, 0.0, 0.0, 1.0, 0.0])
('self.T ', [-0.15140046878711463, -0.0008401809913433681, 6.278659586612167e-05])
('self.R ', [0.9999395538457854, -0.010582648326568285, 0.002982651352023762, 0.010573170607637248, 0.9999390597341681, 0.003175670204786892, -0.0030160765894359284, -0.003143942166127891, 0.9999905094097957])
None
# oST version 5.0 parameters


[image]

width
1288

height
964

[narrow_stereo/left]

camera matrix
1084.668388 0.000000 611.734043
0.000000 1083.487561 477.853565
0.000000 0.000000 1.000000

distortion
-0.374431 0.152613 0.000451 0.000113 0.000000

rectification
0.999984 -0.005032 0.002586
0.005028 0.999986 0.001583
-0.002593 -0.001570 0.999995

projection
1029.040257 0.000000 613.374130 0.000000
0.000000 1029.040257 488.869999 0.000000
0.000000 0.000000 1.000000 0.000000

# oST version 5.0 parameters


[image]

width
1288

height
964

[narrow_stereo/right]

camera matrix
1086.351584 0.000000 625.022806
0.000000 1086.349781 497.102403
0.000000 0.000000 1.000000

distortion
-0.380302 0.167600 0.000632 0.000664 0.000000

rectification
0.999985 0.005549 -0.000415
-0.005550 0.999983 -0.001576
0.000406 0.001578 0.999999

projection
1029.040257 0.000000 613.374130 -155.799590
0.000000 1029.040257 488.869999 0.000000
0.000000 0.000000 1.000000 0.000000
