Left:
('D = ', [-0.37570509454364787, 0.15947015124142336, 0.0005365789666405376, 0.000374321480341681, 0.0])
('K = ', [1083.272171231889, 0.0, 630.668074840266, 0.0, 1083.1065541335195, 496.169786525526, 0.0, 0.0, 1.0])
('R = ', [0.9997594993014481, -0.0013442127163630817, 0.021889190224646006, 0.0014051919269200798, 0.9999951743969079, -0.0027706711363730827, -0.02188536022472758, 0.0028007633014198318, 0.9997565637357744])
('P = ', [1027.511513264683, 0.0, 582.0496520996094, 0.0, 0.0, 1027.511513264683, 488.22535705566406, 0.0, 0.0, 0.0, 1.0, 0.0])

Right:
('D = ', [-0.3802120221584406, 0.1757506443847191, 0.00035709571054296413, -0.00016059256965415518, 0.0])
('K = ', [1077.730503612273, 0.0, 594.2088433437382, 0.0, 1077.7102533717048, 477.0833188926222, 0.0, 0.0, 1.0])
('R = ', [0.9997876646566362, 0.008046073593926088, 0.01897066947028799, -0.008098895271167647, 0.9999635333903513, 0.002709203733623815, -0.01894817922166794, -0.0028622699391825795, 0.9998163700975189])
('P = ', [1027.511513264683, 0.0, 582.0496520996094, -148.72891504053675, 0.0, 1027.511513264683, 488.22535705566406, 0.0, 0.0, 0.0, 1.0, 0.0])
('self.T ', [-0.14471597905783234, -0.0011646427125265742, -0.0027459420663263215])
('self.R ', [0.9999505222504993, -0.009495852846621699, 0.0029634152035902823, 0.009511921000641181, 0.9999398757881863, -0.005456021222824734, -0.0029114274559268617, 0.005483939042482071, 0.9999807248156072])
None
# oST version 5.0 parameters


[image]

width
1288

height
964

[narrow_stereo/left]

camera matrix
1083.272171 0.000000 630.668075
0.000000 1083.106554 496.169787
0.000000 0.000000 1.000000

distortion
-0.375705 0.159470 0.000537 0.000374 0.000000

rectification
0.999759 -0.001344 0.021889
0.001405 0.999995 -0.002771
-0.021885 0.002801 0.999757

projection
1027.511513 0.000000 582.049652 0.000000
0.000000 1027.511513 488.225357 0.000000
0.000000 0.000000 1.000000 0.000000

# oST version 5.0 parameters


[image]

width
1288

height
964

[narrow_stereo/right]

camera matrix
1077.730504 0.000000 594.208843
0.000000 1077.710253 477.083319
0.000000 0.000000 1.000000

distortion
-0.380212 0.175751 0.000357 -0.000161 0.000000

rectification
0.999788 0.008046 0.018971
-0.008099 0.999964 0.002709
-0.018948 -0.002862 0.999816

projection
1027.511513 0.000000 582.049652 -148.728915
0.000000 1027.511513 488.225357 0.000000
0.000000 0.000000 1.000000 0.000000

