# create stereo camera calibration parameters
# Right SERIAL 16369047
# Left SERIAL 16306423
# yaml file auto-generated by : create_chameleon_20171106.yaml
# yaml file auto-generated on : 06-Nov-2017
#### TAB CANNOT BE USED #####

FocalLength: 1029.0402568984420668
Baseline: 0.1434154393343096
RightOffset: -155.7995896217086624
camXOffset: 0.000000
camYOffset: 0.000000
camZOffset: 0.220000
Cx: 613.3741302490234375
Cy: 488.8699989318847656
image_width: 1288.0000000000000000
image_height: 964.0000000000000000
