Left:
('D = ', [-0.38271077664910036, 0.17250900094891208, 0.000990410712739586, -0.0004334203507935252, 0.0])
('K = ', [1090.6448972296312, 0.0, 640.586023939757, 0.0, 1090.287191314605, 499.76679594622755, 0.0, 0.0, 1.0])
('R = ', [0.999929638638678, 0.001921391928929756, -0.011705811589901475, -0.0019626808809352003, 0.9999918901363758, -0.0035167520865291386, 0.011698959598290742, 0.003539479415668188, 0.9999253004248787])
('P = ', [1039.1799601392522, 0.0, 635.9837951660156, 0.0, 0.0, 1039.1799601392522, 491.87389373779297, 0.0, 0.0, 0.0, 1.0, 0.0])

Right:
('D = ', [-0.37697178081137456, 0.14942066935611112, -0.00038823181525052914, 0.00034921260742177667, 0.0])
('K = ', [1090.8791191208886, 0.0, 594.7589873755788, 0.0, 1090.3674682584754, 481.23530509784104, 0.0, 0.0, 1.0])
('R = ', [0.9996482182190906, 0.011207359771739147, -0.02403819665333411, -0.011122471512608497, 0.9999314371318078, 0.0036621937371694264, 0.024077592048391633, -0.00339354128664338, 0.9997043330098592])
('P = ', [1039.1799601392522, 0.0, 635.9837951660156, -157.14188996029498, 0.0, 1039.1799601392522, 491.87389373779297, 0.0, 0.0, 0.0, 1.0, 0.0])
('self.T ', [-0.1511640104042608, -0.0016947456297751473, 0.0036349889318838787])
('self.R ', [0.9998813942483983, -0.009116443151192538, 0.01241321473874233, 0.009204323990337096, 0.999932850185299, -0.007040990000379054, -0.012348192408606216, 0.007154410148685039, 0.9998981630944546])
None
# oST version 5.0 parameters


[image]

width
1288

height
964

[narrow_stereo/left]

camera matrix
1090.644897 0.000000 640.586024
0.000000 1090.287191 499.766796
0.000000 0.000000 1.000000

distortion
-0.382711 0.172509 0.000990 -0.000433 0.000000

rectification
0.999930 0.001921 -0.011706
-0.001963 0.999992 -0.003517
0.011699 0.003539 0.999925

projection
1039.179960 0.000000 635.983795 0.000000
0.000000 1039.179960 491.873894 0.000000
0.000000 0.000000 1.000000 0.000000

# oST version 5.0 parameters


[image]

width
1288

height
964

[narrow_stereo/right]

camera matrix
1090.879119 0.000000 594.758987
0.000000 1090.367468 481.235305
0.000000 0.000000 1.000000

distortion
-0.376972 0.149421 -0.000388 0.000349 0.000000

rectification
0.999648 0.011207 -0.024038
-0.011122 0.999931 0.003662
0.024078 -0.003394 0.999704

projection
1039.179960 0.000000 635.983795 -157.141890
0.000000 1039.179960 491.873894 0.000000
0.000000 0.000000 1.000000 0.000000
