Left:
('D = ', [-0.37732534407729285, 0.16972385630506698, -0.0009716170495196477, 0.00024191742973701422, 0.0])
('K = ', [1082.142840862244, 0.0, 635.7761733361693, 0.0, 1082.144018016373, 504.4195925135508, 0.0, 0.0, 1.0])
('R = ', [0.9981804580825198, 0.0003034566046991198, -0.06029660866300898, -7.248786269455097e-05, 0.9999926525768571, 0.0038326932842403945, 0.0602973286944019, -0.003821348765863146, 0.9981731460252418])
('P = ', [1031.04818958729, 0.0, 696.6045074462891, 0.0, 0.0, 1031.04818958729, 487.6982650756836, 0.0, 0.0, 0.0, 1.0, 0.0])

Right:
('D = ', [-0.3815975142175565, 0.16794164953437019, 0.0016133371210710389, -0.0001162949239129793, 0.0])
('K = ', [1088.9688069262265, 0.0, 599.3036437389833, 0.0, 1086.6049574638203, 469.12612273062166, 0.0, 0.0, 1.0])
('R = ', [0.9979104121557313, 0.009027097872163591, -0.06397906544475894, -0.009272120386729327, 0.9999507686540717, -0.003533843752192644, 0.06394401531583985, 0.004119681072278772, 0.9979449840212385])
('P = ', [1031.04818958729, 0.0, 696.6045074462891, -156.32238447035584, 0.0, 1031.04818958729, 487.6982650756836, 0.0, 0.0, 0.0, 1.0, 0.0])
('self.T ', [-0.15129819992062812, -0.0013686435595107902, 0.009700186826876848])
('self.R ', [0.9999509977566525, -0.009213582139090144, 0.003621048141268215, 0.009186594158911664, 0.9999304181869416, 0.007400356224374431, -0.003688979972105157, -0.007366728490614162, 0.9999660607931207])
None
# oST version 5.0 parameters


[image]

width
1288

height
964

[narrow_stereo/left]

camera matrix
1082.142841 0.000000 635.776173
0.000000 1082.144018 504.419593
0.000000 0.000000 1.000000

distortion
-0.377325 0.169724 -0.000972 0.000242 0.000000

rectification
0.998180 0.000303 -0.060297
-0.000072 0.999993 0.003833
0.060297 -0.003821 0.998173

projection
1031.048190 0.000000 696.604507 0.000000
0.000000 1031.048190 487.698265 0.000000
0.000000 0.000000 1.000000 0.000000

# oST version 5.0 parameters


[image]

width
1288

height
964

[narrow_stereo/right]

camera matrix
1088.968807 0.000000 599.303644
0.000000 1086.604957 469.126123
0.000000 0.000000 1.000000

distortion
-0.381598 0.167942 0.001613 -0.000116 0.000000

rectification
0.997910 0.009027 -0.063979
-0.009272 0.999951 -0.003534
0.063944 0.004120 0.997945

projection
1031.048190 0.000000 696.604507 -156.322384
0.000000 1031.048190 487.698265 0.000000
0.000000 0.000000 1.000000 0.000000

