# kobuki stereo camera calibration parameters
# Right GUID 00b09d0100c884f8
# Left GUID 00b09d0100c8851b
# yaml file auto-generated by : 20170331_calibration.yaml
# yaml file auto-generated on : 20170331
#### TAB CANNOT BE USED #####

FocalLength: 691.5494280506759424
Baseline: 0.1552060357024450
RightOffset: -105.4298496244769154
camXOffset: 0.075000
camYOffset: 0.000000
camZOffset: 0.240000
Cx: 329.0574340820312500
Cy: 230.9504203796386719
image_width: 752
image_height: 480
