# kobuki stereo camera calibration parameters
# Right SERIAL 16306423
# Left SERIAL 16369047
# yaml file auto-generated by : kobuki_chameleon_20171016.yaml
# yaml file auto-generated on : 20-Oct-2017
#### TAB CANNOT BE USED #####

FocalLength: 1034.3867270869725417
Baseline: 0.1443930733586737
RightOffset: -156.6828294404375015
camXOffset: 0.005240
camYOffset: 0.000000
camZOffset: 0.233270
Cx: 646.5987701416015625
Cy: 492.0083770751953125
image_width: 1288.0000000000000000
image_height: 964.0000000000000000
