Left:
('D = ', [-0.38284924109468477, 0.1812865551208946, -2.7802096582669e-05, 0.0005698091061631001, 0.0])
('K = ', [674.6988047966635, 0.0, 376.31799067258936, 0.0, 674.8035344768012, 247.88558723209792, 0.0, 0.0, 1.0])
('R = ', [0.9972629867823487, 0.01913109039304655, 0.07141804095830427, -0.019225309156582347, 0.9998149768945216, 0.0006320326266420397, -0.07139273549726732, -0.0020033366617697953, 0.9974462712148644])
('P = ', [693.9091548428567, 0.0, 314.98064041137695, 0.0, 0.0, 693.9091548428567, 233.31634330749512, 0.0, 0.0, 0.0, 1.0, 0.0])

Right:
('D = ', [-0.38607630818257743, 0.18056683784980998, 0.0007724380201626014, -0.0003012674562537519, 0.0])
('K = ', [676.8252536435172, 0.0, 363.40900436595655, 0.0, 676.6539507777666, 218.05294687576588, 0.0, 0.0, 1.0])
('R = ', [0.9980568675285738, 0.0178014257365599, 0.05971263200359187, -0.017722635657126482, 0.9998412323189472, -0.0018488754132922483, -0.05973606418584497, 0.0007870175823133283, 0.998213896536664])
('P = ', [693.9091548428567, 0.0, 314.98064041137695, 108.0395366121664, 0.0, 693.9091548428567, 233.31634330749512, 0.0, 0.0, 0.0, 1.0, 0.0])
('self.T ', [0.15539440678628413, 0.002771627631933086, 0.009297074475147623])
('self.R ', [0.999930616869826, 0.001494231037464272, 0.011684550480690918, -0.0015257411378908096, 0.9999952226128732, 0.00268828298551789, -0.011680477743195418, -0.00270592406337572, 0.9999281196239327])
None
# oST version 5.0 parameters


[image]

width
752

height
480

[narrow_stereo/left]

camera matrix
674.698805 0.000000 376.317991
0.000000 674.803534 247.885587
0.000000 0.000000 1.000000

distortion
-0.382849 0.181287 -0.000028 0.000570 0.000000

rectification
0.997263 0.019131 0.071418
-0.019225 0.999815 0.000632
-0.071393 -0.002003 0.997446

projection
693.909155 0.000000 314.980640 0.000000
0.000000 693.909155 233.316343 0.000000
0.000000 0.000000 1.000000 0.000000

# oST version 5.0 parameters


[image]

width
752

height
480

[narrow_stereo/right]

camera matrix
676.825254 0.000000 363.409004
0.000000 676.653951 218.052947
0.000000 0.000000 1.000000

distortion
-0.386076 0.180567 0.000772 -0.000301 0.000000

rectification
0.998057 0.017801 0.059713
-0.017723 0.999841 -0.001849
-0.059736 0.000787 0.998214

projection
693.909155 0.000000 314.980640 108.039537
0.000000 693.909155 233.316343 0.000000
0.000000 0.000000 1.000000 0.000000
