# mars stereo camera calibration parameters
# Right SERIAL 11470083
# Left SERIAL 11470071
# yaml file auto-generated by : mars_firefly_20170725.yaml
# yaml file auto-generated on : 02-Aug-2017
#### TAB CANNOT BE USED #####

FocalLength: 1105.3728627496154786
Baseline: 0.1714891699677560
RightOffset: -181.5594239175433700
camXOffset: 0.055000
camYOffset: 0.000000
camZOffset: 0.225000
Cx: 400.0539169311523438
Cy: 179.2854328155517578
dRx: 0.00
dRz: 0.00