Left:
('D = ', [-0.22140511006819133, 0.18540236446784114, -0.005643276936273332, -0.0027989167692622683, 0.0])
('K = ', [1061.6320893704767, 0.0, 326.05178016891887, 0.0, 1065.8812103149987, 191.20143537065178, 0.0, 0.0, 1.0])
('R = ', [0.9981324519734784, 0.016277355351013496, -0.0588783153647286, -0.01608058636785372, 0.9998634237582373, 0.0038142591051650394, 0.0589323600365504, -0.002860337957684315, 0.9982578802129689])
('P = ', [1105.3728627496155, 0.0, 400.05391693115234, 0.0, 0.0, 1105.3728627496155, 179.28543281555176, 0.0, 0.0, 0.0, 1.0, 0.0])

Right:
('D = ', [-0.16773538219602802, -0.033754976715118575, -0.005921166375336043, -0.0032731822292028446, 0.0])
('K = ', [1058.7223901758978, 0.0, 333.0165458767868, 0.0, 1064.488867402332, 173.07658090833309, 0.0, 0.0, 1.0])
('R = ', [0.9976876347632252, -0.013672490440010045, -0.06657662086445397, 0.01344999565848012, 0.9999023656471928, -0.003789035488652701, 0.06662192625065927, 0.002884818593124637, 0.9977741211137602])
('P = ', [1105.3728627496155, 0.0, 400.05391693115234, -181.55942391754337, 0.0, 1105.3728627496155, 179.28543281555176, 0.0, 0.0, 0.0, 1.0, 0.0])
('self.T ', [-0.16387193708255401, 0.0022457304421527463, 0.010935326293843639])
('self.R ', [0.9995343087171369, 0.02949731364451376, 0.007814997448015441, -0.029555963589719993, 0.9995349991984147, 0.00749869279996761, -0.007590172174493247, -0.007726180504125075, 0.9999413459904432])
None
# oST version 5.0 parameters


[image]

width
640

height
480

[narrow_stereo/left]

camera matrix
1061.632089 0.000000 326.051780
0.000000 1065.881210 191.201435
0.000000 0.000000 1.000000

distortion
-0.221405 0.185402 -0.005643 -0.002799 0.000000

rectification
0.998132 0.016277 -0.058878
-0.016081 0.999863 0.003814
0.058932 -0.002860 0.998258

projection
1105.372863 0.000000 400.053917 0.000000
0.000000 1105.372863 179.285433 0.000000
0.000000 0.000000 1.000000 0.000000

# oST version 5.0 parameters


[image]

width
640

height
480

[narrow_stereo/right]

camera matrix
1058.722390 0.000000 333.016546
0.000000 1064.488867 173.076581
0.000000 0.000000 1.000000

distortion
-0.167735 -0.033755 -0.005921 -0.003273 0.000000

rectification
0.997688 -0.013672 -0.066577
0.013450 0.999902 -0.003789
0.066622 0.002885 0.997774

projection
1105.372863 0.000000 400.053917 -181.559424
0.000000 1105.372863 179.285433 0.000000
0.000000 0.000000 1.000000 0.000000

