# kobuki stereo camera calibration parameters
# Right SERIAL 16306423
# Left SERIAL 16369047
# yaml file auto-generated by : kobuki_python_20180323_003.ini
# yaml file auto-generated on : 23-Mar-2018
#### TAB CANNOT BE USED #####

FocalLength: 1023.8090681890328142
Baseline: 0.1441043302735964
RightOffset: -155.2499122885660370
camXOffset: 0.005240
camYOffset: 0.000000
camZOffset: 0.233270
Cx: 600.7647705078125000
Cy: 488.6779441833496094
image_width: 1288.0000000000000000
image_height: 964.0000000000000000
